3,1
3,3
10,284
10,186
10,244
10,266
10,158
10,78
10,146
10,142
11,20
9,7
8,4
8,5
8,16
8,11
52,7
52,6
52,4
52,3
52,1
49,8
49,7
49,4
49,3
49,1
46,3
46,1
45,3
45,1
43,3
43,1
20,3
20,2
20,1
19,3
19,2
19,1
12,3
12,2
12,1
11,30
11,29
11,28
11,27
11,26
11,25
11,24
11,23
18,1
11,22
11,21
18,3
11,19
14,1
11,18
11,17
14,3
11,16
13,1
11,15
13,3
11,13
11,12
11,11
11,10
11,9
11,7
11,5
11,3
11,2
11,1
10,317
10,316
10,315
10,314
2,1
10,313
2,3
10,312
10,311
10,310
10,309
10,308
10,307
10,306
10,305
10,294
10,260
10,250
10,248
10,246
10,212
10,208
10,1
10,132
10,3
10,2
9,6
9,1
9,4
9,3
9,2
8,18
8,15
8,14
8,9
8,8
8,7
